212802040,İlayda,Dinçbilek

1.SONUÇ:5,3,0 1 2 3 4

2.SONUÇ:124,62145, 0   1   5   6   7   8   9  10  11  12  13  14  15  16  17  29  30  31 32  33  34  35  36  37  61  60  59  58  57  56  55  54  53  52  19  21 18  20   4   2   3 123 121 122 120  97  96  90  89  88  68  69  62  63 64  65  67  93  92  91  95  94  66  87  99  85  86  83  84 100 101  98 116 117 118 119 102 103 104 105 106 115 113 114 107 108 109 110 111 112 76  75  72  73  74  71  70  77  78  79  80  81  82  23  24  27  22  28 38  39  40  51  50  49  48  47  46  45  44  43  42  41  26  25

3.SONUÇ:1000,22366751,0 783 526 507 333 818 580 776 607 126 459  42 514 925 306  45 172 456 352 713 282 278 581 645  96 763 660 800 976 574 184 693 211 444 267 805 17 841 734 923 265 922 291 612 301 950 162 782 730 513 984 702 110 516 138 348 907 724 980 218 853 509 659 438 332 236 483 628 928 371 715 989 794 568 898 807 232  29 277 995 425 911 868 369 602 347 468 562 366 251 773  24 936 955 674 858 532 427 777 538 474 336 717 169 431 912 220 300 700 860 284 812 797 521 129 506 260 372 512 711 289 766 380 410 426  88 981 909  72 121 368 252  89 956 199 697 115  36  53 688 972 342 319 294  85 365  79 146 604 174 745 964 592 555 852 851 729  95 810 929 714 949 775 931 722   6 460 205 631 646 238 311 690 360 390 594  51 241 445  63 862 417 412 264 627 167 394 106 600  77 953 590 764 537 137 731  22  82 935 559 630 462 471 721 472 206 293 166 803 536 676  47 525 283 309 197 196  19 622 480 880 881 705 270  14 723  97 144 845 212 263 892 991  35 834  64 397 945 547 906 656 448 687 355 667 475   3 497 396 623 173  83 874 519   1 963 588 760 802 204 587 822 973 842 253 686 234 882 599 870 15 634 350  44 996 504 510  57 505 271 492 943 453 866 572 400 771 315 21 857 326 374 108 999 552 719 710 959 982 545 829 421 757  71 105 567 577   7 846 605 684 733 223 508  58 308 214 843 182 832 386 388 175 229 901 208 127 168 968 209 873 112 924 298 314 666  98 591 192 125 557 164 435 499  25 741  52 569 625 840 566 817 449 290 876 974 675 423 632 312 511 302 382 879 484 419 428 387 446 411 455 433 482 136 117 414 643 650 620 825 856 672 952   5 815 833 986 788 827 317 585 389 564 230 969 376 222 409 322 837 245 750 518 498 560 465 250 918 770 720 609 554 116 658 200 553 235 349 743 379 887 957 191 850 664 793 188 330 944 362 970 665 900 432 960 821 274 589 772 694 231 917 615 540 806 338 726 808 661 454 583 608 549 914  28 418 961 979 437 678 662 673 904 941  18 796 398  16 781 997 751 753 337 292 618 787 257 647 893 939 313 216 738 990 502 402 68 501 130 190 503 467 142 345 902 215 680 152 535 967 670 534 655 153 461 988 221 864 344 962 975 869  73 303 307 440 304 814 281 732 606 792 762 159 477 422 636 225 359  67 408 224   2 861  48 340 195 261 533  62 288 801 826 696  87 447  80 785 601 183 617 393 450 629 160 920 746 641 708 457 933 269 894 327 177 683  76 578 682 913 558 878 358 769 101 346 740 378 626   8 198  12 888 523 401 598 239 176 494 443  30 889  39 835 875  78 725 648 354 890 320 473 318 295 210 287  91 384 546 255 669 219 145 522 488 571 926 703 424 657 716 405 404 481 561 836  65 339 610 118  55 434 179 768 756 550 439 613 194 111 403 242 582 712 155 186 993 356 367 927 654 140 180 297 531  54 758 324 391  37 329 679 328 161 395 496 165 872 563 189 621 575 811 965   9 699 548 353 493  99  10 530  74 331 951 185 978 844 593 233 157 163 478 638 469 213 541 285  59 193 709 565 479 595 707 938 671 948 828 748 830 170 867 930 809 739 940 692 859 839 543 375 778 399 691 728 131 539 392 268 133 363 754 556 113 701  33  23 884 256 470 576 799 823 500 413 316 227 370 158 921 747 383 100 759 119 791 451 296  60 109  11 226 649  43  13 154 755  61 765 381 178 341 681 463 886 871 466 114 584 635 847  20 132 695 107 123 749 520 357 689 885 240 187 640 779 150 651 798 429 542  31 644 246 452 905 937 299  38 491 310 243 824 486 262  56 276 517 863 135 305 141 998 784   4 820 134 946 203  66 698 247  93 736 364 120 544 515 855 639 181 663 416  27 335 249 171 570 151 495 149 476 804 430 790 619 259 896 910 849 637 464  69 489 685  81  26 104 977 527 420 780 848  94  92 992 985  34 343 614 407 899 971  86 633 586 442 903 490  50 334 524 528 706 139 217 124 551 579 774 436 908 819  90 677 321 254 795 767 919 529 603 237 742  46 611 377 895 616 156  75 786 385 103 813 325 897 735 737 838 361 148  40 718 883 934 248 279 415  49 916 273 573 915 854 642 958 987  70 891 207 983 228 143 653 266 147 704 128 458 994 966 351 668 752 102 744 280 406 624 789 597 323 652 485  84  32 275 441 761 201 202 122 877 286 373 727 954 932 947 487 831 272 258 865 244 596 816 942  41

4.SONUÇ:5915,683769,0 3793 5914 ... 5161 5656 1241

5.SONUÇ:11849,1122285,0  1793  2544 ... 11746   907  1415